#define NUMREFDATA 1000
float REFERENCESIGNALZ[NUMREFDATA] = {
   0.994141,  
   0.994629,  
   0.997559,  
   1.002930,  
   1.000977,  
   1.008301,  
   1.001953,  
   1.002930,  
   0.996582,  
   0.998047,  
   1.005859,  
   0.991211,  
   0.993652,  
   0.991211,  
   0.997559,  
   1.015137,  
   0.981934,  
   1.042480,  
   0.982910,  
   0.991699,  
   0.996582,  
   1.001953,  
   0.996582,  
   0.992188,  
   0.991211,  
   0.997559,  
   0.995605,  
   1.035645,  
   0.999512,  
   1.000977,  
   1.001953,  
   0.998535,  
   1.002930,  
   0.997070,  
   1.002930,  
   0.993652,  
   0.995605,  
   0.998535,  
   0.987305,  
   1.043457,  
   0.998047,  
   1.001953,  
   1.004883,  
   0.897461,  
   1.006836,  
   0.968750,  
   0.823730,  
   0.967773,  
   0.533203,  
   1.073730,  
   1.160645,  
   1.021484,  
   0.899414,  
   1.104004,  
   0.937500,  
   0.916992,  
   1.097168,  
   0.773926,  
   1.157227,  
   1.156738,  
   1.119141,  
   0.562012,  
   0.469238,  
   0.918945,  
   1.198730,  
   1.487793,  
   1.446777,  
   1.358398,  
   1.099121,  
   0.836914,  
   0.628418,  
   0.713379,  
   0.812500,  
   0.947754,  
   1.038086,  
   1.056152,  
   0.978516,  
   0.870117,  
   0.783203,  
   0.764648,  
   0.736816,  
   0.775391,  
   0.844238,  
   0.836914,  
   0.952637,  
   1.212891,  
   1.342773,  
   1.592773,  
   1.046387,  
   1.999756,  
   1.572754,  
   0.809082,  
   0.390137,  
   0.078613,  
   1.193359,  
   1.675293,  
   -1.556885,  
   -0.576416,  
   0.070801,  
   0.410645,  
   0.569824,  
   0.652832,  
   0.771973,  
   0.849121,  
   0.889160,  
   0.949707,  
   0.944336,  
   0.962402,  
   0.913086,  
   0.812988,  
   0.760254,  
   0.732422,  
   0.778809,  
   0.767578,  
   0.735352,  
   0.685547,  
   0.632812,  
   0.658691,  
   0.620117,  
   0.571777,  
   0.535156,  
   0.430664,  
   0.394043,  
   0.426758,  
   0.507324,  
   0.555176,  
   0.549805,  
   0.515625,  
   0.473145,  
   0.427734,  
   0.375977,  
   0.319336,  
   0.277344,  
   0.278320,  
   0.294922,  
   0.309570,  
   0.316406,  
   0.330078,  
   0.327148,  
   0.340820,  
   0.351074,  
   0.338379,  
   0.319824,  
   0.290527,  
   0.244141,  
   0.235840,  
   0.253418,  
   0.288574,  
   0.305176,  
   0.294922,  
   0.291016,  
   0.277344,  
   0.272949,  
   0.276367,  
   0.286621,  
   0.281250,  
   0.309570,  
   0.348633,  
   0.409180,  
   0.451172,  
   0.446289,  
   0.428711,  
   0.390137,  
   0.351562,  
   0.327148,  
   0.305176,  
   0.267578,  
   0.264648,  
   0.235840,  
   0.187500,  
   0.205078,  
   0.216797,  
   0.224609,  
   0.245117,  
   0.281250,  
   0.363281,  
   0.269043,  
   0.410156,  
   0.403809,  
   0.317871,  
   0.322754,  
   0.183594,  
   0.068848,  
   0.013672,  
   -0.016357,  
   0.022461,  
   0.061523,  
   0.071289,  
   0.103516,  
   0.148438,  
   0.125977,  
   0.105469,  
   0.108398,  
   0.100098,  
   0.075195,  
   0.068359,  
   0.049805,  
   0.062500,  
   0.074219,  
   0.099609,  
   0.007812,  
   -0.014893,  
   -0.026123,  
   -0.072998,  
   -0.114990,  
   -0.131592,  
   -0.112061,  
   -0.071045,  
   -0.038818,  
   -0.026123,  
   0.010254,  
   0.036133,  
   0.061523,  
   0.072266,  
   0.059570,  
   0.067871,  
   0.060059,  
   0.032715,  
   0.060547,  
   0.077148,  
   0.059570,  
   -0.234131,  
   0.988281,  
   -0.155518,  
   -0.958252,  
   -0.673584,  
   -0.709229,  
   -0.456299,  
   -1.999756,  
   -0.206787,  
   -0.243408,  
   -0.001709,  
   -0.231689,  
   -0.160889,  
   -0.181885,  
   -0.297607,  
   -0.164795,  
   -0.159912,  
   -0.094482,  
   0.137207,  
   0.330078,  
   0.206055,  
   0.106934,  
   0.112793,  
   0.568359,  
   0.577637,  
   0.357910,  
   0.214355,  
   0.244629,  
   0.176758,  
   0.292969,  
   0.260742,  
   0.262695,  
   0.363281,  
   0.372559,  
   0.429688,  
   0.435059,  
   0.509766,  
   0.304199,  
   0.633789,  
   0.624512,  
   0.563477,  
   0.526367,  
   0.534180,  
   0.520508,  
   0.500977,  
   0.397461,  
   0.191406,  
   0.181641,  
   -0.310791,  
   -0.437744,  
   -0.409912,  
   -0.220947,  
   0.017090,  
   0.038086,  
   0.100098,  
   0.526367,  
   0.179688,  
   0.582031,  
   0.721680,  
   0.333008,  
   0.216309,  
   0.230957,  
   0.211914,  
   0.169922,  
   0.143555,  
   0.167480,  
   0.170410,  
   0.133301,  
   0.040527,  
   -0.031982,  
   -0.037842,  
   -0.046631,  
   -0.038818,  
   -0.010498,  
   0.012695,  
   -0.002686,  
   -0.004639,  
   -0.007568,  
   -0.002197,  
   0.012695,  
   0.033691,  
   0.041992,  
   0.041016,  
   0.020508,  
   -0.015381,  
   -0.030518,  
   -0.031006,  
   -0.049072,  
   -0.064209,  
   -0.089600,  
   -0.099854,  
   -0.087646,  
   -0.074951,  
   -0.051025,  
   -0.027100,  
   0.008789,  
   0.040039,  
   0.081543,  
   0.120117,  
   0.120117,  
   0.119629,  
   0.100098,  
   0.029297,  
   -0.008545,  
   0.020996,  
   0.038086,  
   0.077148,  
   0.107422,  
   0.139648,  
   0.194824,  
   0.244141,  
   0.243164,  
   0.282227,  
   0.293945,  
   0.243164,  
   0.201660,  
   0.168457,  
   0.137207,  
   0.132324,  
   0.111328,  
   0.050293,  
   0.060547,  
   0.044922,  
   0.042969,  
   0.044922,  
   0.038086,  
   0.077148,  
   0.083984,  
   0.093750,  
   0.117188,  
   0.122070,  
   0.168457,  
   0.212891,  
   0.265625,  
   0.264648,  
   0.282227,  
   0.196289,  
   0.703125,  
   0.060547,  
   0.266602,  
   0.137207,  
   -0.022217,  
   -0.053467,  
   -0.066650,  
   -0.097900,  
   -0.106689,  
   -0.091553,  
   -0.039795,  
   -0.005615,  
   0.010254,  
   0.023438,  
   0.052734,  
   0.108398,  
   0.142578,  
   0.162598,  
   0.152832,  
   0.171387,  
   0.187988,  
   0.188477,  
   0.199707,  
   0.200195,  
   0.201660,  
   0.169922,  
   0.101562,  
   0.092773,  
   0.083496,  
   0.082031,  
   0.083496,  
   0.083496,  
   0.100586,  
   0.109375,  
   0.124023,  
   0.129883,  
   0.117676,  
   0.114258,  
   0.107422,  
   0.112793,  
   0.087891,  
   0.070801,  
   0.074219,  
   0.076172,  
   0.084473,  
   0.116699,  
   0.143555,  
   0.145508,  
   0.145508,  
   0.140625,  
   0.136719,  
   0.125000,  
   0.118652,  
   0.106445,  
   0.110352,  
   0.093750,  
   0.067871,  
   0.060547,  
   0.057617,  
   0.038574,  
   0.020508,  
   0.012695,  
   0.005859,  
   0.026367,  
   0.041992,  
   0.049805,  
   0.053223,  
   0.051270,  
   0.069336,  
   0.091797,  
   0.114258,  
   0.147461,  
   0.301270,  
   0.375000,  
   0.260742,  
   0.041992,  
   0.047363,  
   0.280273,  
   0.498047,  
   0.745117,  
   0.700195,  
   0.513672,  
   0.231934,  
   -0.083252,  
   0.440430,  
   -0.175537,  
   -0.037354,  
   0.788086,  
   0.946777,  
   0.908691,  
   0.621094,  
   0.207031,  
   -0.032471,  
   -0.113037,  
   -0.062744,  
   0.109375,  
   0.295898,  
   0.487305,  
   0.576660,  
   0.571777,  
   0.473145,  
   0.303711,  
   0.127930,  
   0.159180,  
   0.251465,  
   0.479492,  
   0.819824,  
   0.966309,  
   0.909668,  
   0.709473,  
   0.253418,  
   -0.234619,  
   -1.392334,  
   -0.369385,  
   1.886230,  
   0.797852,  
   0.166504,  
   0.530273,  
   0.329102,  
   -1.274170,  
   0.283691,  
   0.335449,  
   -0.091064,  
   -0.289307,  
   -0.018311,  
   0.048828,  
   -0.109619,  
   -0.093506,  
   0.041992,  
   0.066895,  
   0.169434,  
   0.218750,  
   0.252930,  
   0.264648,  
   0.299805,  
   0.219727,  
   0.142578,  
   0.055664,  
   0.007812,  
   0.020996,  
   0.083496,  
   0.065918,  
   0.046875,  
   0.017090,  
   0.007812,  
   0.048828,  
   0.075195,  
   0.096191,  
   0.109375,  
   0.108398,  
   0.060547,  
   0.093750,  
   0.101562,  
   0.067871,  
   0.012695,  
   -0.006592,  
   0.003906,  
   -0.001221,  
   0.009766,  
   0.045898,  
   0.076172,  
   0.085449,  
   0.092773,  
   0.099121,  
   0.133301,  
   0.087891,  
   0.069336,  
   0.078125,  
   0.083008,  
   0.064453,  
   0.026367,  
   0.015625,  
   0.030762,  
   0.079102,  
   0.131836,  
   0.128906,  
   0.110352,  
   0.112305,  
   0.130371,  
   0.135254,  
   0.122070,  
   0.105469,  
   0.086914,  
   0.094727,  
   0.102539,  
   0.117188,  
   0.116699,  
   0.111328,  
   0.094727,  
   0.068359,  
   0.073242,  
   0.080078,  
   0.071289,  
   0.058105,  
   0.049316,  
   0.053711,  
   0.085449,  
   0.090820,  
   0.105469,  
   0.111328,  
   0.100098,  
   0.098633,  
   0.085449,  
   0.087891,  
   0.087891,  
   0.078125,  
   0.084473,  
   0.082520,  
   0.070312,  
   0.067871,  
   0.072266,  
   0.074219,  
   0.085938,  
   0.104492,  
   0.113281,  
   0.108398,  
   0.099121,  
   0.088867,  
   0.081055,  
   0.069824,  
   0.060059,  
   0.057617,  
   0.047852,  
   0.042969,  
   0.054688,  
   0.055664,  
   0.079102,  
   0.072266,  
   0.070312,  
   0.076172,  
   0.094727,  
   0.103516,  
   0.057617,  
   0.143555,  
   0.319824,  
   0.437988,  
   0.420410,  
   0.376465,  
   0.083496,  
   -0.187256,  
   -0.254150,  
   -0.225342,  
   -0.181396,  
   -0.110107,  
   -0.104248,  
   -0.175537,  
   -0.120850,  
   0.048340,  
   0.262695,  
   0.425293,  
   0.551270,  
   0.623535,  
   0.642090,  
   0.533691,  
   0.480469,  
   0.364258,  
   0.248535,  
   0.177734,  
   0.168457,  
   0.222168,  
   0.311523,  
   0.295898,  
   0.261719,  
   0.267090,  
   0.288574,  
   0.280762,  
   0.158203,  
   0.109375,  
   0.076172,  
   0.104004,  
   0.234863,  
   0.375977,  
   0.460938,  
   0.487305,  
   0.387207,  
   0.198242,  
   0.045410,  
   -0.113037,  
   -0.222900,  
   -0.253662,  
   -0.192139,  
   -0.104736,  
   0.033691,  
   0.113770,  
   0.205078,  
   -0.038330,  
   -0.724365,  
   -0.855225,  
   -0.074951,  
   0.378418,  
   0.233887,  
   0.068848,  
   0.031250,  
   0.036621,  
   0.036133,  
   0.295898,  
   0.423828,  
   0.415039,  
   0.326660,  
   0.184082,  
   0.058594,  
   0.007812,  
   0.044922,  
   0.066895,  
   0.084961,  
   0.076172,  
   0.067871,  
   0.044922,  
   0.034668,  
   0.026367,  
   0.037109,  
   0.063477,  
   0.061523,  
   0.072266,  
   0.101562,  
   0.106445,  
   0.115723,  
   0.121094,  
   0.116211,  
   0.086914,  
   0.059570,  
   0.050293,  
   0.040039,  
   0.044922,  
   0.041992,  
   0.042969,  
   0.042969,  
   0.058594,  
   0.071289,  
   0.087891,  
   0.084961,  
   0.098145,  
   0.106445,  
   0.090820,  
   0.055664,  
   0.031738,  
   0.041992,  
   0.065430,  
   0.077148,  
   0.067871,  
   0.081543,  
   0.094727,  
   0.119629,  
   0.116211,  
   0.121582,  
   0.111328,  
   0.125977,  
   0.124023,  
   0.102539,  
   0.062500,  
   0.011719,  
   0.031250,  
   0.047363,  
   0.058594,  
   0.052246,  
   0.046875,  
   0.065918,  
   0.063965,  
   0.064941,  
   0.054199,  
   0.074707,  
   0.062988,  
   0.055664,  
   0.049316,  
   0.051758,  
   0.045898,  
   0.043945,  
   0.043945,  
   0.067383,  
   0.103516,  
   0.099121,  
   0.098633,  
   0.082520,  
   0.104492,  
   0.129883,  
   0.135254,  
   0.131836,  
   0.123047,  
   0.100586,  
   0.081055,  
   0.082520,  
   0.093750,  
   0.104980,  
   0.096680,  
   0.065918,  
   0.063477,  
   0.064453,  
   0.062988,  
   0.067383,  
   0.081543,  
   0.101074,  
   0.113281,  
   0.125977,  
   0.125977,  
   0.117676,  
   0.111328,  
   0.107422,  
   0.119141,  
   0.104492,  
   0.106445,  
   0.102539,  
   0.110352,  
   0.102539,  
   0.093750,  
   0.105469,  
   0.089844,  
   0.096680,  
   0.100098,  
   0.111328,  
   0.113281,  
   0.099121,  
   0.119629,  
   0.125000,  
   0.129883,  
   0.117676,  
   0.105469,  
   0.075195,  
   0.061523,  
   0.065430,  
   0.072266,  
   0.078125,  
   0.075195,  
   0.087402,  
   0.109375,  
   0.113281,  
   0.108398,  
   0.112305,  
   0.103516,  
   0.103027,  
   0.080566,  
   0.050293,  
   0.047363,  
   0.064453,  
   0.064941,  
   0.085938,  
   0.094238,  
   0.095215,  
   0.099121,  
   0.088867,  
   0.103516,  
   0.121094,  
   0.117676,  
   0.116211,  
   0.112305,  
   0.118164,  
   0.104492,  
   0.096680,  
   0.111328,  
   0.132812,  
   0.124023,  
   0.105469,  
   0.101562,  
   0.091797,  
   0.078125,  
   0.066895,  
   0.080078,  
   0.062988,  
   0.067871,  
   0.066895,  
   0.074219,  
   0.094727,  
   0.102539,  
   0.093750,  
   0.100098,  
   0.101074,  
   0.106445,  
   0.109375,  
   0.099121,  
   0.108398,  
   0.102539,  
   0.094727,  
   0.085938,  
   0.077148,  
   0.069336,  
   0.074219,  
   0.086426,  
   0.071289,  
   0.071289,  
   0.069336,  
   0.063477,  
   0.061523,  
   0.075195,  
   0.082031,  
   0.078125,  
   0.076172,  
   0.064941,  
   0.061035,  
   0.075195,  
   0.078125,  
   0.087891,  
   0.096191,  
   0.089844,  
   0.078125,  
   0.080078,  
   0.081543,  
   0.086426,  
   0.081055,  
   0.077148,  
   0.089844,  
   0.088867,  
   0.084961,  
   0.083008,  
   0.083496,  
   0.106445,  
   0.085449,  
   0.093750,  
   0.072266,  
   0.061523,  
   0.063965,  
   0.073242,  
   0.095703,  
   0.091797,  
   0.096680,  
   0.094727,  
   0.092773,  
   0.094727,  
   0.104980,  
   0.107422,  
   0.087891,  
   0.068848,  
   0.062500,  
   0.069336,  
   0.072754,  
   0.073242,  
   0.076172,  
   0.084473,  
   0.083008,  
   0.085449,  
   0.079590,  
   0.094727,  
   0.087891,  
   0.079102,  
   0.080566,  
   0.086914,  
   0.095215,  
   0.104492,  
   0.099121,  
   0.089844,  
   0.091797,  
   0.089844,  
   0.074219,  
   0.085938,  
   0.088867,  
   0.076172,  
   0.082520,  
   0.098145,  
   0.087891,  
   0.085938,  
   0.067871,  
   0.054199,  
   0.060547,  
   0.070312,  
   0.068848,  
   0.071289,  
   0.078613,  
   0.086426,  
   0.105469,  
   0.103516,  
   0.110352,  
   0.086914,  
   0.086426,  
   0.082031,  
   0.081543,  
   0.076172,  
   0.077148,  
   0.076172,  
   0.072266,  
   0.078125,  
   0.079102,  
   0.070801,  
   0.063477,  
   0.068848,  
   0.067383,  
   0.062012,  
   0.055664,  
   0.057617,  
   0.064941,  
   0.072266,  
   0.090820,  
   0.092773,  
   0.099121,  
   0.108398,  
   0.104492,  
   0.093750,  
   0.103027,  
   0.105469,  
   0.088867,  
   0.072266,  
   0.072266,  
   0.062988,  
   0.066895,  
   0.063477,  
   0.062988,  
   0.074219,  
   0.088867,  
   0.085938,  
   0.080078,  
   0.084473,  
   0.095215,  
   0.103516,  
   0.089844,  
   0.100098,  
   0.088867,  
   0.090820,  
   0.091797,  
   0.094727,  
   0.090820,  
   0.085938,  
   0.083496,  
   0.082520,  
   0.070312,  
   0.053711,  
   0.050293,  
   0.050293,  
   0.035156,  
   0.054688,  
   0.070312,  
   0.074219,  
   0.074219,  
   0.073242,  
   0.067383,  
   0.083496,  
   0.096680,  
   0.116211,  
   0.132812,  
   0.130859,  
   0.135254,  
   0.133301,  
   0.128906,  
   0.117676,  
   0.101074,  
   0.098633,  
   0.093750,  
   0.067871,  
   0.066895,  
   0.065918,  
   0.082031,  
   0.071289,  
   0.070312,  
   0.076172,  
   0.087891,  };
