#define NUMREFDATA 1000
float REFERENCESIGNALX[NUMREFDATA] = {
   -0.002686,  
   -0.001709,  
   -0.000244,  
   -0.001221,  
   -0.000244,  
   0.001465,  
   0.005859,  
   -0.001221,  
   -0.005615,  
   -0.001221,  
   -0.001709,  
   0.001953,  
   0.001465,  
   0.003906,  
   -0.002686,  
   0.041504,  
   -0.053467,  
   0.055176,  
   -0.021729,  
   -0.018311,  
   -0.005615,  
   -0.006592,  
   0.000000,  
   -0.000244,  
   -0.001221,  
   0.000488,  
   0.000488,  
   0.038086,  
   -0.008545,  
   -0.014404,  
   -0.001709,  
   0.002441,  
   -0.000244,  
   0.002441,  
   -0.002686,  
   -0.001709,  
   0.009766,  
   0.026367,  
   0.044922,  
   0.012207,  
   -0.020264,  
   0.036133,  
   0.124023,  
   0.427246,  
   0.222168,  
   -0.049561,  
   -0.276611,  
   0.031738,  
   0.017090,  
   -0.063232,  
   -0.104248,  
   -0.232666,  
   -0.129150,  
   0.082031,  
   0.188965,  
   0.079102,  
   0.025391,  
   -0.150635,  
   -0.289307,  
   -0.135010,  
   -0.152100,  
   -0.304443,  
   -0.186768,  
   0.080078,  
   0.186035,  
   0.037109,  
   -0.061279,  
   -0.118408,  
   -0.108154,  
   -0.095459,  
   -0.130127,  
   -0.226318,  
   -0.388428,  
   -0.322510,  
   -0.260010,  
   -0.156494,  
   -0.189697,  
   -0.164795,  
   -0.161865,  
   -0.144775,  
   -0.147705,  
   -0.198975,  
   -0.191162,  
   -0.103271,  
   -0.113525,  
   -0.242920,  
   -0.200928,  
   -0.103760,  
   -0.033447,  
   0.102539,  
   -0.075439,  
   0.065430,  
   0.083984,  
   -0.181396,  
   -0.531982,  
   -0.449463,  
   -0.650146,  
   -0.445068,  
   -0.534912,  
   -0.556396,  
   -0.579834,  
   -0.591553,  
   -0.600830,  
   -0.613525,  
   -0.687256,  
   -0.726318,  
   -0.701416,  
   -0.743896,  
   -0.740967,  
   -0.779541,  
   -0.711670,  
   -0.741943,  
   -0.769287,  
   -0.717041,  
   -0.707764,  
   -0.690674,  
   -0.599854,  
   -0.594482,  
   -0.547607,  
   -0.492920,  
   -0.500732,  
   -0.438721,  
   -0.407471,  
   -0.446045,  
   -0.452393,  
   -0.438721,  
   -0.413818,  
   -0.387451,  
   -0.385498,  
   -0.358154,  
   -0.328857,  
   -0.367432,  
   -0.380615,  
   -0.405029,  
   -0.426514,  
   -0.449951,  
   -0.438721,  
   -0.442139,  
   -0.405029,  
   -0.431396,  
   -0.432373,  
   -0.449951,  
   -0.455811,  
   -0.447998,  
   -0.431396,  
   -0.420654,  
   -0.423584,  
   -0.420654,  
   -0.406006,  
   -0.409912,  
   -0.422607,  
   -0.438721,  
   -0.447021,  
   -0.442627,  
   -0.434326,  
   -0.412842,  
   -0.404053,  
   -0.400146,  
   -0.421631,  
   -0.431396,  
   -0.454834,  
   -0.453857,  
   -0.484131,  
   -0.486084,  
   -0.477295,  
   -0.468018,  
   -0.468018,  
   -0.443115,  
   -0.427002,  
   -0.398682,  
   -0.353271,  
   -0.312256,  
   -0.282959,  
   -0.275146,  
   -0.254639,  
   -0.092529,  
   -0.089111,  
   -0.033936,  
   -0.065674,  
   0.053711,  
   0.002441,  
   -0.021240,  
   0.025391,  
   0.048828,  
   0.042969,  
   0.014160,  
   0.064453,  
   0.111328,  
   0.009766,  
   0.027344,  
   0.020508,  
   -0.008545,  
   -0.015381,  
   -0.018311,  
   -0.028076,  
   -0.054443,  
   -0.123779,  
   -0.127197,  
   -0.084717,  
   -0.102783,  
   -0.091553,  
   -0.129150,  
   -0.109131,  
   -0.087158,  
   -0.059326,  
   -0.047607,  
   -0.031494,  
   -0.002686,  
   0.028320,  
   0.065430,  
   0.107422,  
   0.135742,  
   0.089355,  
   0.103027,  
   0.108398,  
   0.045410,  
   -0.017334,  
   0.005371,  
   -0.006592,  
   -0.005127,  
   -0.013916,  
   -0.185303,  
   -0.304932,  
   -0.055908,  
   -0.213135,  
   -0.466064,  
   -0.258057,  
   -0.198975,  
   0.388672,  
   0.088379,  
   0.187988,  
   0.119629,  
   0.115723,  
   0.041016,  
   -0.075928,  
   -0.141357,  
   -0.123291,  
   -0.053467,  
   -0.175049,  
   -0.069092,  
   -0.059814,  
   0.060059,  
   0.474609,  
   0.528809,  
   0.052734,  
   -0.064209,  
   -0.257568,  
   -0.181396,  
   -0.010986,  
   -0.128662,  
   -0.170166,  
   -0.239990,  
   -0.043213,  
   -0.138916,  
   -0.150635,  
   -0.192627,  
   -0.145752,  
   1.322754,  
   0.997559,  
   0.153320,  
   -0.112549,  
   0.052734,  
   -0.094482,  
   -0.091064,  
   -0.096436,  
   -0.125244,  
   -0.001221,  
   0.047852,  
   0.124023,  
   0.156738,  
   0.181152,  
   -0.010986,  
   0.009766,  
   -0.034912,  
   -0.191650,  
   -0.207764,  
   -0.483643,  
   -0.126221,  
   -0.218994,  
   -0.393799,  
   -0.134521,  
   -0.177002,  
   -0.205322,  
   -0.174561,  
   -0.184326,  
   -0.196045,  
   -0.196045,  
   -0.191650,  
   -0.189697,  
   -0.149170,  
   -0.154053,  
   -0.090576,  
   -0.076904,  
   -0.064209,  
   -0.058350,  
   -0.034912,  
   -0.032959,  
   -0.028564,  
   -0.031982,  
   -0.027588,  
   -0.010498,  
   -0.018799,  
   -0.024658,  
   -0.033936,  
   -0.022217,  
   0.008789,  
   0.016113,  
   0.001465,  
   0.002930,  
   -0.003174,  
   -0.007568,  
   0.005859,  
   0.007812,  
   0.005859,  
   0.013672,  
   0.021484,  
   0.006836,  
   0.011719,  
   0.005859,  
   0.025391,  
   0.019531,  
   0.032227,  
   0.048828,  
   0.083008,  
   0.062988,  
   0.059570,  
   0.051270,  
   0.024414,  
   0.015137,  
   -0.030029,  
   -0.045166,  
   -0.021240,  
   -0.011475,  
   -0.048584,  
   -0.033936,  
   -0.010010,  
   -0.005615,  
   -0.010986,  
   0.000488,  
   0.014648,  
   0.031738,  
   0.010742,  
   0.019043,  
   0.011719,  
   0.005859,  
   -0.014404,  
   -0.000732,  
   -0.025146,  
   -0.016357,  
   -0.001221,  
   0.005859,  
   0.005859,  
   -0.011963,  
   -0.004639,  
   -0.034912,  
   -0.057861,  
   -0.089600,  
   -0.089600,  
   -0.126709,  
   -0.112061,  
   -0.156494,  
   -0.197021,  
   -0.171143,  
   -0.136475,  
   -0.131592,  
   -0.100830,  
   -0.106201,  
   -0.109131,  
   -0.116455,  
   -0.126221,  
   -0.126709,  
   -0.133057,  
   -0.136475,  
   -0.140381,  
   -0.134521,  
   -0.138428,  
   -0.140381,  
   -0.143311,  
   -0.141357,  
   -0.135498,  
   -0.123779,  
   -0.117920,  
   -0.106201,  
   -0.106201,  
   -0.114014,  
   -0.083740,  
   -0.084717,  
   -0.069092,  
   -0.057373,  
   -0.058350,  
   -0.071533,  
   -0.067627,  
   -0.072510,  
   -0.080811,  
   -0.080811,  
   -0.090576,  
   -0.089600,  
   -0.084229,  
   -0.093506,  
   -0.102295,  
   -0.112061,  
   -0.113525,  
   -0.113037,  
   -0.121826,  
   -0.123779,  
   -0.130127,  
   -0.125732,  
   -0.122803,  
   -0.120850,  
   -0.116455,  
   -0.108154,  
   -0.100830,  
   -0.119385,  
   -0.102783,  
   -0.092529,  
   -0.103271,  
   -0.108154,  
   -0.090576,  
   -0.082764,  
   -0.081787,  
   -0.080811,  
   -0.091553,  
   -0.094482,  
   -0.088135,  
   -0.084229,  
   -0.088623,  
   -0.073975,  
   -0.060303,  
   -0.045654,  
   -0.076904,  
   -0.188721,  
   -0.335205,  
   -0.562256,  
   -0.817627,  
   -0.972412,  
   -1.318604,  
   -1.640869,  
   -1.729736,  
   -1.695557,  
   -1.464111,  
   -1.294678,  
   -1.094971,  
   -0.571533,  
   -0.755615,  
   -0.239014,  
   -0.234619,  
   0.050293,  
   0.275391,  
   0.381348,  
   0.527832,  
   0.494629,  
   0.560547,  
   0.588379,  
   0.556152,  
   0.512207,  
   0.377441,  
   0.195312,  
   -0.043213,  
   -0.332275,  
   -0.585205,  
   -0.792236,  
   -0.964111,  
   -1.145264,  
   -1.316650,  
   -1.518311,  
   -1.635498,  
   -1.928467,  
   -1.716064,  
   -1.733154,  
   -1.630615,  
   -1.999756,  
   -0.421143,  
   -1.558350,  
   -0.735596,  
   -0.626221,  
   -0.714111,  
   -0.490967,  
   -0.941162,  
   -0.298096,  
   -0.478760,  
   -0.438721,  
   -0.423096,  
   -0.314209,  
   -0.314209,  
   -0.401123,  
   -0.430420,  
   -0.276611,  
   -0.274170,  
   -0.241943,  
   -0.202881,  
   -0.210693,  
   -0.234619,  
   -0.239014,  
   -0.246826,  
   -0.245850,  
   -0.276611,  
   -0.283936,  
   -0.280518,  
   -0.282959,  
   -0.299561,  
   -0.304932,  
   -0.311279,  
   -0.308350,  
   -0.318115,  
   -0.315186,  
   -0.323975,  
   -0.332275,  
   -0.346436,  
   -0.345459,  
   -0.324463,  
   -0.345459,  
   -0.332764,  
   -0.319092,  
   -0.308350,  
   -0.305908,  
   -0.306396,  
   -0.303467,  
   -0.294678,  
   -0.297607,  
   -0.289795,  
   -0.277588,  
   -0.267334,  
   -0.272217,  
   -0.266357,  
   -0.253662,  
   -0.239014,  
   -0.238037,  
   -0.245850,  
   -0.248291,  
   -0.239990,  
   -0.239014,  
   -0.255615,  
   -0.276123,  
   -0.273193,  
   -0.287842,  
   -0.303467,  
   -0.307861,  
   -0.305908,  
   -0.305420,  
   -0.299561,  
   -0.295654,  
   -0.290771,  
   -0.289307,  
   -0.292725,  
   -0.284912,  
   -0.280029,  
   -0.292236,  
   -0.289307,  
   -0.285889,  
   -0.281982,  
   -0.272217,  
   -0.267334,  
   -0.257568,  
   -0.266357,  
   -0.271240,  
   -0.264404,  
   -0.266357,  
   -0.268311,  
   -0.263428,  
   -0.271240,  
   -0.272217,  
   -0.279541,  
   -0.280029,  
   -0.280518,  
   -0.278564,  
   -0.285889,  
   -0.288818,  
   -0.289795,  
   -0.294678,  
   -0.293213,  
   -0.292725,  
   -0.293213,  
   -0.292236,  
   -0.288818,  
   -0.283936,  
   -0.283936,  
   -0.288818,  
   -0.286865,  
   -0.287842,  
   -0.282471,  
   -0.276611,  
   -0.283936,  
   -0.281982,  
   -0.274170,  
   -0.258545,  
   -0.254639,  
   -0.231201,  
   -0.201416,  
   -0.216064,  
   -0.269287,  
   -0.371826,  
   -0.466064,  
   -0.588135,  
   -0.693115,  
   -0.847900,  
   -1.001709,  
   -0.821533,  
   -1.234131,  
   -1.239990,  
   -1.254639,  
   -1.243408,  
   -1.149658,  
   -1.028076,  
   -0.883057,  
   -0.771240,  
   -0.628174,  
   -0.492920,  
   -0.359131,  
   -0.232666,  
   -0.121826,  
   -0.056885,  
   0.025391,  
   0.071777,  
   0.093262,  
   0.160156,  
   0.230957,  
   0.287109,  
   0.323730,  
   0.347656,  
   0.338867,  
   0.339844,  
   0.341797,  
   0.317383,  
   0.307129,  
   0.214844,  
   0.124512,  
   -0.020264,  
   -0.211670,  
   -0.397705,  
   -0.574951,  
   -0.701416,  
   -0.817627,  
   -0.933350,  
   -1.063232,  
   -1.055908,  
   -1.077393,  
   -1.098389,  
   -1.061279,  
   -0.990967,  
   -0.928467,  
   -0.821533,  
   -0.639404,  
   -0.551514,  
   -0.574951,  
   -0.615967,  
   -0.413330,  
   -0.365479,  
   -0.564209,  
   -0.474365,  
   -0.366943,  
   -0.337646,  
   -0.301514,  
   -0.267334,  
   -0.255615,  
   -0.271240,  
   -0.250732,  
   -0.235107,  
   -0.242920,  
   -0.231201,  
   -0.239990,  
   -0.236084,  
   -0.235107,  
   -0.230225,  
   -0.231201,  
   -0.227295,  
   -0.222412,  
   -0.223389,  
   -0.232178,  
   -0.232666,  
   -0.227295,  
   -0.241943,  
   -0.257568,  
   -0.263916,  
   -0.258545,  
   -0.261475,  
   -0.262939,  
   -0.276611,  
   -0.273193,  
   -0.291260,  
   -0.283936,  
   -0.271240,  
   -0.274170,  
   -0.273193,  
   -0.260498,  
   -0.260498,  
   -0.243896,  
   -0.260010,  
   -0.251709,  
   -0.249268,  
   -0.234619,  
   -0.229248,  
   -0.240967,  
   -0.247314,  
   -0.237061,  
   -0.230225,  
   -0.231689,  
   -0.247803,  
   -0.235596,  
   -0.227295,  
   -0.230225,  
   -0.231201,  
   -0.257568,  
   -0.259521,  
   -0.245850,  
   -0.239014,  
   -0.232666,  
   -0.239014,  
   -0.251709,  
   -0.250732,  
   -0.250244,  
   -0.257568,  
   -0.263916,  
   -0.269287,  
   -0.265381,  
   -0.260498,  
   -0.261963,  
   -0.259521,  
   -0.262939,  
   -0.266357,  
   -0.255615,  
   -0.260010,  
   -0.251709,  
   -0.252686,  
   -0.249756,  
   -0.254639,  
   -0.241943,  
   -0.239990,  
   -0.239990,  
   -0.234619,  
   -0.231201,  
   -0.239990,  
   -0.234619,  
   -0.233643,  
   -0.233643,  
   -0.237061,  
   -0.239014,  
   -0.244873,  
   -0.247314,  
   -0.251709,  
   -0.243896,  
   -0.248779,  
   -0.241943,  
   -0.239990,  
   -0.233643,  
   -0.232666,  
   -0.227295,  
   -0.228271,  
   -0.240967,  
   -0.243896,  
   -0.243896,  
   -0.235596,  
   -0.234131,  
   -0.231201,  
   -0.234619,  
   -0.230225,  
   -0.228271,  
   -0.239990,  
   -0.243896,  
   -0.242920,  
   -0.233643,  
   -0.238037,  
   -0.235596,  
   -0.234131,  
   -0.243896,  
   -0.234131,  
   -0.239990,  
   -0.234619,  
   -0.235596,  
   -0.241943,  
   -0.245850,  
   -0.250732,  
   -0.246826,  
   -0.241943,  
   -0.238037,  
   -0.237061,  
   -0.236084,  
   -0.224365,  
   -0.223389,  
   -0.217041,  
   -0.220459,  
   -0.218994,  
   -0.211670,  
   -0.208740,  
   -0.217041,  
   -0.219971,  
   -0.212646,  
   -0.220459,  
   -0.217529,  
   -0.218018,  
   -0.206787,  
   -0.201416,  
   -0.201416,  
   -0.203369,  
   -0.208740,  
   -0.209717,  
   -0.218018,  
   -0.225342,  
   -0.218018,  
   -0.224365,  
   -0.225342,  
   -0.222900,  
   -0.224365,  
   -0.227295,  
   -0.219482,  
   -0.226318,  
   -0.223877,  
   -0.232178,  
   -0.230225,  
   -0.225342,  
   -0.223389,  
   -0.223389,  
   -0.212646,  
   -0.215088,  
   -0.209717,  
   -0.206787,  
   -0.197998,  
   -0.204346,  
   -0.202393,  
   -0.210693,  
   -0.204346,  
   -0.206299,  
   -0.214600,  
   -0.213623,  
   -0.217041,  
   -0.216064,  
   -0.222412,  
   -0.222412,  
   -0.220459,  
   -0.221436,  
   -0.216064,  
   -0.218018,  
   -0.216553,  
   -0.217529,  
   -0.208740,  
   -0.218018,  
   -0.211670,  
   -0.224365,  
   -0.226318,  
   -0.217041,  
   -0.211670,  
   -0.211670,  
   -0.215576,  
   -0.215576,  
   -0.212646,  
   -0.210693,  
   -0.213623,  
   -0.208740,  
   -0.206299,  
   -0.209717,  
   -0.209717,  
   -0.209717,  
   -0.212646,  
   -0.206299,  
   -0.210693,  
   -0.206299,  
   -0.211670,  
   -0.202393,  
   -0.208740,  
   -0.202881,  
   -0.204346,  
   -0.192139,  
   -0.197998,  
   -0.198975,  
   -0.200928,  
   -0.205322,  
   -0.205322,  
   -0.197998,  
   -0.206299,  
   -0.207764,  
   -0.214600,  
   -0.203857,  
   -0.206787,  
   -0.207764,  
   -0.209717,  
   -0.211670,  
   -0.204346,  
   -0.213623,  
   -0.204346,  
   -0.205811,  
   -0.205811,  
   -0.200928,  
   -0.202393,  
   -0.199951,  
   -0.202393,  
   -0.201416,  
   -0.197021,  
   -0.197998,  
   -0.199951,  
   -0.206787,  
   -0.200928,  
   -0.205811,  
   -0.203369,  
   -0.208740,  
   -0.205322,  
   -0.203369,  
   -0.214600,  
   -0.212646,  
   -0.203369,  
   -0.202393,  
   -0.202881,  
   -0.197021,  
   -0.196045,  
   -0.196045,  
   -0.195068,  
   -0.188721,  
   -0.190674,  
   -0.190186,  
   -0.196045,  
   -0.191162,  
   -0.195068,  
   -0.197998,  
   -0.200928,  
   -0.204346,  
   -0.203369,  
   -0.202881,  
   -0.205811,  
   -0.207764,  
   -0.204834,  
   -0.198975,  
   -0.206787,  
   -0.201416,  
   -0.204834,  
   -0.200928,  
   -0.200928,  
   -0.192139,  
   -0.194092,  
   -0.192139,  
   -0.195068,  
   -0.196045,  
   -0.197998,  
   -0.199951,  
   -0.202393,  
   -0.198975,  
   -0.191650,  
   -0.192627,  
   -0.196045,  
   -0.191650,  
   -0.186279,  
   -0.186279,  
   -0.186279,  
   -0.188232,  
   -0.186768,  
   -0.188232,  
   -0.188232,  
   -0.185303,  
   -0.190674,  
   -0.197021,  
   -0.197998,  
   -0.196045,  
   -0.198975,  
   -0.195068,  
   -0.197998,  
   -0.192139,  
   -0.197998,  
   -0.198975,  
   -0.192139,  
   -0.190674,  
   -0.192139,  
   -0.194092,  
   -0.193604,  
   -0.191162,  
   -0.187256,  
   -0.181396,  
   -0.189209,  
   -0.186279,  
   -0.178467,  
   -0.177490,  
   -0.177490,  
   -0.175049,  
   -0.188721,  
   -0.198975,  
   -0.215088,  
   -0.223389,  
   -0.222412,  
   -0.221436,  
   -0.221436,  
   -0.211670,  
   -0.218994,  
   -0.215576,  
   -0.224365,  
   -0.223389,  
   -0.228271,  
   -0.220459,  
   -0.224365,  
   -0.219482,  
   -0.218018,  
   -0.214600,  
   -0.214600,  
   -0.212646,  
   -0.199951,  
   -0.201904,  
   -0.197021,  
   -0.196045,  
   -0.190186,  
   -0.195068,  
   -0.200928,  
   -0.194092,  
   -0.191162,  
   -0.192139,  };
